3 0.5457043934459728 0.44029683809279113 0.024608656868889512 0.029991800558959055
5 0.36229299772003115 0.5202749729166818 0.03152984161326465 0.026915718450347795
9 0.6048346446056734 0.5144747326652199 0.03152984161326465 0.03076082108611189
11 0.5602314540308112 0.5686906798294921 0.023839636341736678 0.02845375950465332
13 0.3237576419313267 0.37374397619625854 0.04152710846625094 0.046141231629167764
15 0.4879435244784486 0.5113986505566088 0.037682005830486955 0.03691298530333427
15 0.7517175652918573 0.3499043398545217 0.03922004688479262 0.039989067411945245
19 0.739028726593836 0.42334580019761375 0.047679272683473356 0.03922004688479255
17 0.694425536018974 0.5402369203248386 0.044603190574862166 0.049986334264931716
23 0.5986824803884511 0.4625658470824062 0.03922004688479262 0.04537221110201493
21 0.26108246896837395 0.4029667562280646 0.04075808793909811 0.043065149520556505
