11 0.38821152810663534 0.5764352993098525 0.025208540786145123 0.023527971400402165
3 0.6529012063611594 0.5222369366196403 0.02184740201465928 0.0260488254790166
13 0.38190939291009895 0.4789622749367578 0.03781281117921772 0.03865309587208934
13 0.6155085375283774 0.6571026298255168 0.03949338056496068 0.04201423464357532
15 0.5466051927129141 0.6537414910540309 0.032771103021988705 0.033611387714860046
17 0.5012298192978527 0.5915604237815395 0.0411739499507037 0.03529195710060343
17 0.5902999967422323 0.5873590003171819 0.03781281117921779 0.03529195710060307
19 0.7844057607955499 0.4373681826396183 0.049576796879418905 0.04453508872218975
23 0.6852521670367123 0.41930206174288104 0.04117394995070384 0.04201423464357525
15 0.6423976477002655 0.458375299961406 0.04117394995070384 0.03781281117921772
21 0.5327404952805341 0.5054312427622103 0.03697252648634617 0.03781281117921779
