3 0.6511183516157488 0.5278690805656203 0.030415179170637786 0.02952061507738371
13 0.2754014324490458 0.5318946189852635 0.04472820466270278 0.04114994828968655
13 0.5817896343885596 0.539051131731296 0.03309887145040016 0.03220430735714601
15 0.39885127731810527 0.45809308129180404 0.0393608201031784 0.04204451238294069
15 0.6448564029629705 0.45809308129180404 0.041149948289686475 0.043833640569448704
17 0.5777640959689162 0.5542587213166149 0.035782563730162094 0.037571691916670175
5 0.5536108654510568 0.5511277469902258 0.019680410051589162 0.02594235870436755
19 0.6014700444401488 0.5444185162908204 0.020574974144843237 0.03399343554365409
23 0.6846645051127759 0.4164958509554905 0.04204451238294069 0.03757169191667032
11 0.3885637902456837 0.5743864134148312 0.0277314868908757 0.0241532305178594
21 0.5339304553994677 0.5046104141410148 0.037571691916670244 0.03667712782341624
