3 0.5455084460540386 0.4408257976904077 0.021183903108617414 0.02607249613368296
5 0.36463050412661374 0.5198580515956338 0.026072496133682888 0.030961089158748293
9 0.6057781523560378 0.5157465641444142 0.025257730629505346 0.026072496133682677
11 0.5613734323783592 0.5682989391638688 0.030961089158748435 0.025257730629505416
13 0.5336714052363212 0.3776438111863128 0.03422015117545861 0.04481210272976739
15 0.486415005994021 0.510043205615171 0.03910874420052423 0.04236780621723461
15 0.7520285603559153 0.3466827220275644 0.03747921319216914 0.04644163373812262
17 0.6954023578155727 0.5430412085343634 0.036664447687991666 0.04807116474647792
19 0.7402144605453401 0.4236780621723466 0.04155304071305707 0.03910874420052437
23 0.6021117075872388 0.46115727536451573 0.032590620167103596 0.03910874420052444
21 0.2615397268410063 0.4041236900720845 0.04562686823394504 0.04073827520887946
