3 0.5432399512789283 0.4500609013398297 0.025578562728380022 0.024360535931790536
5 0.4169187651943956 0.5824894537720287 0.0285550724513903 0.030902064707669014
11 0.5613052027683474 0.5674624281400763 0.027941483309204075 0.027941483309204217
13 0.6553245182276968 0.6414696001482387 0.04531051347438506 0.04002428690237359
15 0.4510496199806768 0.5410312952800183 0.03851393645322737 0.03247253465664279
15 0.7527421221976249 0.34921678823845426 0.037758761228654125 0.04304498780066595
23 0.600574314446148 0.46438100998585 0.037003586004081226 0.03775876122865441
21 0.4574686093895481 0.5757693556103802 0.037758761228654264 0.03549323555493501
19 0.5730104187492303 0.3922617760391202 0.031717359432069686 0.032472534656642724
17 0.684776351986047 0.5436744085660241 0.04380016302523899 0.03926911167780048
9 0.36990294362001724 0.359659028437055 0.034257321954916764 0.032422108278760506
