3 0.5440856465121477 0.439644940891274 0.033107183666978554 0.026669675731732737
9 0.6038625059108589 0.5132164601512261 0.0312678956854797 0.02483038775023381
11 0.5587999503641382 0.567475455605441 0.0312678956854797 0.021151811787236383
13 0.6415679095315845 0.6079397911984147 0.04782148751896905 0.039544691602224374
13 0.6526036374205774 0.6557612787173837 0.04414291155597127 0.03770540362072552
15 0.7533046544076369 0.3481403638117084 0.03402682765772795 0.04230362357447262
19 0.574433898206878 0.3909038093815556 0.0367857596299762 0.03770540362072552
23 0.600643751943236 0.4607967526785102 0.03770540362072545 0.04322326756522202
17 0.6967465489765486 0.5449441778320806 0.04230362357447262 0.04966077550046769
21 0.26497369531970394 0.4023993592659231 0.05058041949121719 0.03678575962997606
15 0.23370579963422422 0.37572968353419045 0.021151811787236276 0.04230362357447255
