21 0.435656322119276 0.49513707458574546 0.027650511957385788 0.03215175808998339
17 0.5105699184689375 0.5858050323994989 0.03986818003157957 0.04372639100237755
17 0.6189213432321818 0.5015674262037422 0.027650511957385646 0.04244032067877825
13 0.4475524726125699 0.5198939283150327 0.03858210970798012 0.03536693389898183
11 0.604774569672589 0.575837987391604 0.021220160339388984 0.023792300986587734
13 0.6002733235399914 0.5771240577152034 0.032794793251783076 0.03536693389898183
15 0.6401415035715707 0.5067117074981395 0.03793907454618044 0.03858210970798012
15 0.653645241969364 0.519250893153233 0.03536693389898183 0.03665300422258106
3 0.7102323362077348 0.49706618007114456 0.027650511957385788 0.02700747679558624
19 0.6112764065449785 0.5116735756321968 0.036716007816130374 0.036151146157420655
