1 0.560410898540466 0.5706975229464593 0.02802533837731687 0.02655032056798433
3 0.5430794392808096 0.43647090229720464 0.036137936328645565 0.02360028494931953
5 0.36165224873291607 0.522759444143154 0.03171288290064808 0.030975373995981742
9 0.6044506044507885 0.5152582347680401 0.0248478385070009 0.024847838507001042
13 0.6416524313087315 0.608147044074737 0.0435423595389284 0.0339842806157489
13 0.6533345277703952 0.6569994474598759 0.04141834200044407 0.04035633323120173
15 0.7529642173926873 0.3509938982345319 0.03823231569271741 0.0477903946158969
17 0.695615743853611 0.5432174854673618 0.04460436830817045 0.0435423595389284
19 0.5740157397753842 0.3892262139272495 0.03717030692347542 0.03929432446195968
23 0.6026899765449224 0.46144281023571593 0.03292227184650678 0.03717030692347542
21 0.261785161618191 0.4030323279273975 0.04354235953892829 0.03717030692347542
