5 0.4577225044944221 0.5126589608094301 0.024622218751234683 0.028795476166698107
19 0.45666786379536317 0.5405497285963302 0.032621540813648126 0.037545546974198846
17 0.43143233222254096 0.4900786654506859 0.0313905392735105 0.03139053927351057
11 0.498521916160044 0.571324767099772 0.02031152541227158 0.027697534653097548
21 0.6567056140677343 0.38236603068863995 0.04246955313474956 0.041238551594611865
9 0.41512156181571697 0.5085436885527509 0.024620030802753375 0.026466533112959923
15 0.43235558337764424 0.5220847054942652 0.025851032342891073 0.036314545434061214
15 0.3966565387136519 0.5134676947133014 0.017234021561927406 0.03508354389392345
13 0.4154293122007513 0.44268510615538564 0.037545546974198846 0.041238551594611865
23 0.41142855719530397 0.5183917008738522 0.024620030802753375 0.03262154081364834
