5 0.4169764022922496 0.58265502613637 0.024462615601145217 0.030022300965041993
9 0.2699781560092185 0.564457738501059 0.02772177181169642 0.029401879194223424
11 0.5606367331863997 0.5682379801117448 0.027721771811696456 0.025201610737905823
13 0.6564028539904422 0.6451028928623578 0.031081986576750608 0.0478830604020213
15 0.4505896996308774 0.5388361009175213 0.03444220134180469 0.040322577180649334
17 0.6870648137215608 0.5426163425282071 0.03528225503306814 0.03276209395927758
19 0.3418027466122503 0.5081741411864025 0.03696236241559532 0.039482523489385954
3 0.3128208942636585 0.5451365036019977 0.031081986576750643 0.029401879194223567
13 0.2804788271500126 0.5102742754145613 0.04704300671075767 0.028561825502959978
23 0.8468934136153539 0.38301468849042025 0.03970569463491089 0.04164255778783335
15 0.8919254819208017 0.3815620411257284 0.040674126211372084 0.050358441975984505
21 0.4585555823758058 0.5752121225322109 0.04108658018087219 0.036684446590064396
