3 0.5445886073856837 0.44067741293718454 0.030198436179883503 0.028472811255318645
9 0.6049854797454508 0.5166049096180342 0.02674718633075379 0.03364968602901293
11 0.5605506379379079 0.5700992822795421 0.02933562371760104 0.02674718633075379
13 0.6446748530104404 0.6089258430822493 0.0474546854255312 0.04745468542553113
13 0.6537343838644054 0.6585375596634863 0.04486624803868395 0.03623812341586017
15 0.7525264107957382 0.3500821043975343 0.04227781065183677 0.03882656080270721
17 0.6951493820539598 0.5463719395667765 0.03623812341586017 0.048317497887813234
19 0.5756498560278497 0.39149710258708864 0.03537531095357771 0.04055218572727192
23 0.603259854820886 0.46138491203196175 0.03710093587814242 0.04572906050096634
21 0.45370832112514653 0.5716474392311939 0.03351323645269943 0.02666644620967489
