17 0.694200792783038 0.539777647306928 0.04471959646441391 0.04471959646441391
15 0.48857050546899217 0.5110293352940904 0.04072677535151975 0.03992821112894099
15 0.7524959810312919 0.3485215159993007 0.03833108268378311 0.04711528913215027
13 0.6526754532089396 0.6563680238034357 0.03992821112894106 0.03194256890315273
13 0.6438912467605725 0.6096520167825747 0.04152533957409851 0.03912964690636209
3 0.5444700010495095 0.4379607089281285 0.027949747790258713 0.023158362454785718
9 0.6043623177429209 0.5150221564069846 0.024755490899943382 0.02076266978704929
11 0.5604412855010859 0.5665295487633184 0.027949747790258713 0.023158362454785787
23 0.601567342963895 0.46191763560549304 0.04152533957409865 0.03753251846120456
21 0.2577854451437133 0.40362244735723934 0.05030954602246563 0.039129646906362225
5 0.36414528549594166 0.5190667446762326 0.03034544045799514 0.025554055122522144
19 0.5744231129454587 0.392563046396218 0.04041055816417256 0.032746486788208816
