3 0.4991255522827687 0.48379970544919 0.024024300441826157 0.039764359351988215
5 0.6772367452135493 0.1612665684830633 0.024024300441826227 0.05154639175257733
9 0.4643317378497791 0.46907216494845355 0.025681148748159046 0.045655375552282676
11 0.4800717967599411 0.5058910162002945 0.028994845360824754 0.03976435935198829
13 0.5811395434462444 0.5692194403534611 0.0356222385861561 0.0633284241531664
15 0.609720176730486 0.47349042709867445 0.03479381443298969 0.06627393225331367
15 0.2543262150220913 0.3460972017673049 0.04473490427098678 0.07363770250368194
21 0.2899484536082474 0.304860088365243 0.03976435935198826 0.05891016200294544
19 0.27048048600883656 0.10972017673048601 0.04224963181148752 0.0780559646539028
13 0.306931148748159 0.3740795287187039 0.04556332842415316 0.0677466863033873
17 0.273379970544919 0.36229749631811486 0.023195876288659746 0.07069219440353464
23 0.5492452135493372 0.4366715758468335 0.0331369661266568 0.054491899852724617
