3 0.4774867264004597 0.6390724300601365 0.029189477191225423 0.030579452295569423
5 0.45281466829835254 0.5049398324909343 0.02015463901298894 0.027799502086881277
9 0.3193770582813224 0.5327393345778155 0.03127443984774139 0.0264095269825372
11 0.5601902451089315 0.5681836997385892 0.025019551878193057 0.022239601669504977
13 0.41563283425714886 0.4448234092280536 0.03196942739991343 0.035444365160773685
13 0.6554035397564998 0.6439373429253408 0.03891930292163373 0.043089228234665954
15 0.4906914898917283 0.45559571628672 0.041699253130321946 0.04169925313032188
15 0.5765224525849741 0.5063298075952783 0.03683434026511783 0.033359402504257576
17 0.6519286019956396 0.5382992349951917 0.03613935271294572 0.043089228234665884
19 0.47574925752002956 0.5952882142732983 0.03683434026511769 0.031969427399913354
23 0.3728910997985689 0.628647616777556 0.03961429047380584 0.037529327817289584
21 0.31381715786394615 0.630732579434072 0.04378421578683799 0.03752932781728972
