9 0.46184646539027985 0.4624447717231222 0.024024300441826227 0.05301914580265091
11 0.47758652430044185 0.5095729013254787 0.032308541973490465 0.03240058910162005
13 0.5538015463917526 0.577319587628866 0.032308541973490396 0.05007363770250364
13 0.5910806332842415 0.5463917525773196 0.027337997054491792 0.07069219440353472
15 0.5749263622974964 0.5662739322533138 0.03645066273932251 0.060382916053019146
15 0.4850423416789396 0.4720176730486008 0.03396539027982328 0.05743740795287188
21 0.662739322533137 0.38659793814432986 0.036450662739322584 0.05743740795287188
17 0.27048048600883656 0.35198821796759944 0.048877025036818865 0.06480117820324015
23 0.4017857142857143 0.2378497790868925 0.039764359351988215 0.06332842415316645
3 0.503267673048601 0.48379970544919 0.0190537555228277 0.05449189985272454
