3 0.37088915956151053 0.4220462850182706 0.029232643118148546 0.026796589524969647
5 0.41695700758060555 0.5841760341604472 0.028354530593973165 0.025446373609975835
11 0.5590931801734709 0.567454131502463 0.027627491347973817 0.01963005964198139
13 0.6536082821533816 0.6434297327093913 0.03780604079196422 0.04071419777596141
15 0.45149137176557275 0.5416442382694875 0.03780604079196429 0.03489788380796696
17 0.6863250482233505 0.5441888756304851 0.04071419777596148 0.03707900154596502
19 0.57072580810946 0.39369175170862747 0.033443805315968404 0.0385330800379635
23 0.8440925646052014 0.3846037611336361 0.045076433251957294 0.03489788380796682
15 0.8902170738541041 0.37478873131264534 0.04507643325195744 0.045803472497956646
21 0.4560944714941931 0.5757814782437924 0.032850501776236524 0.03482153188281081
