3 0.5131546731115258 0.43824669217982987 0.028002983525867577 0.021002237644400807
5 0.4221449766524558 0.45574855688349714 0.02660283434957435 0.01960208846810744
9 0.3206341613711854 0.5324067242855599 0.030803281878454422 0.02870305811401444
11 0.559709633223281 0.5670604163988213 0.024502610585134265 0.02660283434957435
13 0.6556198517993779 0.6430185092127375 0.03850410234806809 0.041304400700654824
13 0.41584430535913564 0.4312459462983629 0.03920417693621474 0.03360358023104126
15 0.575811348750655 0.5037036661715457 0.034303654819187915 0.03990425152436146
17 0.6514194042704977 0.5366071718144402 0.041304400700654754 0.051105444934708616
19 0.4585488552360839 0.4298457971220695 0.03360358023104126 0.042004475288801545
21 0.44069695323834324 0.4743005334693845 0.03850410234806809 0.03290350564289454
23 0.5159549714641127 0.46484952652940414 0.03640387858362807 0.03220343105474782
15 0.4967029202900787 0.41514423077098894 0.03290350564289454 0.03920417693621481
