17 0.6973203410475033 0.5450669914738127 0.04628501827040196 0.04141291108404381
15 0.48721071863581017 0.5121802679658954 0.03775883069427522 0.04384896467722292
5 0.3594468479371795 0.5196986379017985 0.01776721221770991 0.025170217308422452
3 0.5478533274958114 0.44122678394024645 0.01850751272678096 0.028131419344707424
9 0.6030057154216192 0.5159971353564423 0.02368961629027986 0.02517021730842238
11 0.5608085864045581 0.5674480207368937 0.019247813235852434 0.030352320871921065
13 0.6844078206363665 0.37126070529922955 0.04367773003520355 0.04367773003520341
19 0.7391900583076386 0.42160113991607423 0.04219712901706103 0.039235926980775986
21 0.2602156289385428 0.40420407795290003 0.043677730035203484 0.04293742952613222
23 0.6025925396908258 0.46010875728412687 0.03531677888297878 0.041938674923537395
