11 0.3876664284808284 0.5747998057570328 0.03049580963019622 0.024027001526821294
23 0.6303737594802037 0.535729176540286 0.03119092329103985 0.03119092329103978
17 0.5087586154582932 0.5888153185719619 0.04574668749352497 0.0478260823795943
17 0.7319469998964 0.5538121713231285 0.04158789772138647 0.0471329507509045
19 0.6196596760486568 0.6276306897785893 0.04158789772138647 0.03812223957793755
3 0.814429663710483 0.5285128668759518 0.029111528404970385 0.024259607004142012
13 0.5435536442537336 0.6477838504879483 0.036639407047750865 0.03382099112100072
13 0.4434998788541064 0.526239663646852 0.031002575194250637 0.03593480306606317
15 0.6421982016899856 0.457893077423163 0.036639407047750795 0.037344011029438275
15 0.7408427591262378 0.4945324844709138 0.04086703093787577 0.031707179175938266
21 0.5301661686016709 0.5001693163244139 0.03382099112100065 0.037344011029438205
