5 0.4684751311459702 0.5120057815915259 0.029584632737926667 0.02436381519593965
19 0.46122399567098815 0.5433306868434482 0.03480545027991383 0.037125813631908006
17 0.43453981712305423 0.48967228432858123 0.04292672201189369 0.03538554111791235
15 0.40524522980412686 0.5128759178485237 0.030744814413923863 0.0353855411179125
15 0.4887783104759199 0.45718719740066155 0.035385541117912284 0.03306517776591818
13 0.4356999987990514 0.5224474166755 0.03480545027991383 0.032485086927919654
13 0.4171370919830973 0.444135153545694 0.037125813631908006 0.0348054502799139
11 0.4986398547218955 0.5720451833243771 0.02146336100594681 0.026104087709935442
3 0.47630635745895084 0.6375954480182148 0.031324905251922386 0.027264269385932422
23 0.3745004153902029 0.6271538129342406 0.036545722793909476 0.040026267821900705
21 0.3130107865623552 0.6300542671242336 0.043506812849892246 0.04002626782190084
