11 0.3876934435151522 0.5748950768677183 0.02961810831947304 0.0258209149451816
15 0.6424851189301053 0.4594603982892598 0.03645305639319758 0.036453056393197444
17 0.7237450571399413 0.5676804094565646 0.034934179043480784 0.03417474036862266
19 0.7864356644925812 0.4384395492687467 0.04137992813240046 0.04297146382980046
3 0.8126960034996813 0.5283613161718477 0.03342224964540023 0.0286476425532004
13 0.44425548955157745 0.5275655483231476 0.03660532104020035 0.03660532104020042
13 0.38138982950427675 0.4794215934767971 0.0397883924350004 0.03740108888890028
23 0.6053984789133292 0.5693433603798981 0.03580955319150036 0.03899262458630034
21 0.5349730243033785 0.5056819324838974 0.03819685673760034 0.03899262458630041
15 0.7291830988815272 0.4989876116675227 0.04163469473317477 0.04371642946983357
