15 0.4508973714385748 0.5398574678171718 0.03550067790096527 0.03888169484391433
15 0.7513852522431737 0.34925263765841774 0.03972694907965163 0.04310796602260069
21 0.4580820324423415 0.5766260270717428 0.03972694907965163 0.0346554236652279
23 0.5996621169283339 0.46674297642589807 0.0371911863724398 0.034655423665228044
19 0.5730366085026101 0.3906700952095439 0.03296491519375344 0.02958389825080445
17 0.6846101676199295 0.5457742474673326 0.04479847449407544 0.0371911863724398
13 0.34862160891436533 0.5297144169883246 0.04395322025833792 0.0371911863724398
11 0.560357794966551 0.5677508575965017 0.031274406722279054 0.02366711860064349
9 0.3224187276065099 0.5508457728817562 0.027048135543592585 0.02197661012916882
5 0.4162419477733467 0.5825428067219038 0.02704813554359248 0.02789338977932985
13 0.6537583880155192 0.6429784845771187 0.03888169484391433 0.04395322025833806
